image: sseshitymap.pgm
resolution: 0.025000
origin: [-46.600000, -16.200000, 0.000000]
negate: 0
occupied_thresh: 0.65
free_thresh: 0.196

